3.0 1.801  (-797.8645352330914, [5.782411586589357e-19, 2.8912057932946783e-19, -0.022717261657836225, -1.1564823173178713e-18, 0.0, 0.026899725428666588, 2.7755575615628914e-17, 3.700743415417188e-17, -0.004194574547689983, 2.0394250072978495e-06, 2.039425007260842e-06, 4.036925572881156e-06, -2.785906369040525e-06, 7.464813617473013e-07, 4.036925572881156e-06, 7.464813617519273e-07, -2.785906369022021e-06, 4.036925572899659e-06]) 
2.9585500000000002 1.8609499999999999  (-797.8649679853255, [0.0, 0.0, -0.022749394014643765, 1.1564823173178713e-18, 0.0, 0.013239343278554583, 1.850371707708594e-17, 3.700743415417188e-17, 0.009464716867617629, 5.272565787650674e-05, 5.272565787654374e-05, 1.5111289134413692e-05, -7.20245880905986e-05, 1.929893021403173e-05, 1.5111289134413692e-05, 1.9298930214045606e-05, -7.20245880905801e-05, 1.5111289134413692e-05]) 
2.9171000000000005 1.9209  (-797.8641776328232, [2.8912057932946783e-19, 5.782411586589357e-19, -0.02237343667049426, 0.0, 0.0, 0.004809744936586813, 2.7755575615628914e-17, 3.700743415417188e-17, 0.017538392496705024, 1.8014147177095965e-06, 1.8014147177095965e-06, 8.43307885948589e-06, -2.460778267117843e-06, 6.593635494082465e-07, 8.43307885948589e-06, 6.593635494082465e-07, -2.460778267117843e-06, 8.43307885948589e-06]) 
2.8756500000000003 1.98085  (-797.8627129451385, [8.673617379884035e-19, 1.1564823173178713e-18, -0.0215593472906671, -2.3129646346357427e-18, 0.0, 0.0003010734560223993, 0.0, 0.0, 0.0213178733870254, 1.1475088471657457e-06, 1.1475088471657457e-06, -1.9866517522948435e-05, -1.567526236293896e-06, 4.2001738912352443e-07, -1.9866517522948435e-05, 4.200173891188985e-07, -1.5675262363123998e-06, -1.9866517522948435e-05]) 
2.8342 2.0408  (-797.8609793993763, [1.1564823173178713e-18, 0.0, -0.020329732968363518, 0.0, 0.0, -0.0015153711492460198, -1.850371707708594e-17, 0.0, 0.02186657316173468, 2.2818644052809605e-06, 2.281864405317968e-06, -7.1563479175362765e-06, -3.117084745670369e-06, 8.35220340306142e-07, -7.1563479175362765e-06, 8.352203402968901e-07, -3.117084745633362e-06, -7.1563479175362765e-06]) 
2.79275 2.10075  (-797.8592632931011, [0.0, 2.3129646346357427e-18, -0.018693796920750797, 2.3129646346357427e-18, 4.625929269271485e-18, -0.001524191271196032, -1.850371707708594e-17, 0.0, 0.02022720958177046, 2.4135722050215116e-06, 2.4135722050215116e-06, -3.0737966528933862e-06, -3.297000945923223e-06, 8.834287408878334e-07, -3.0737966528933862e-06, 8.834287408832076e-07, -3.2970009459417264e-06, -3.0737966529026384e-06]) 
2.7513 2.1607000000000003  (-797.857755326626, [-2.3129646346357427e-18, -2.3129646346357427e-18, -0.016708656808226228, 2.3129646346357427e-18, 0.0, -0.0004725632900868665, 1.850371707708594e-17, 0.0, 0.017232368018523403, 1.5991560587994926e-05, 1.5991560588031934e-05, -1.7049306782424e-05, -2.184487800938051e-05, 5.853317421339321e-06, -1.7049306782424e-05, 5.853317421348573e-06, -2.184487800938051e-05, -1.7049306782424e-05]) 
2.70985 2.22065  (-797.8565660338925, [1.1564823173178713e-18, 0.0, -0.014444106069106443, 2.3129646346357427e-18, 4.625929269271485e-18, 0.0010617789477318507, -7.401486830834377e-17, -7.401486830834377e-17, 0.013430112791566723, 2.9843194383224098e-05, 2.9843194383298112e-05, -1.5928556916918375e-05, -4.0766561657634703e-05, 1.0923367274327337e-05, -1.5928556916918375e-05, 1.0923367274318085e-05, -4.0766561657634703e-05, -1.5928556916899872e-05]) 
2.6683999999999997 2.2805999999999997  (-797.8557397620339, [5.782411586589357e-19, 1.1564823173178713e-18, -0.012006547925753227, 0.0, -1.1564823173178713e-18, 0.002628606560572594, 7.401486830834377e-17, 0.0, 0.009373562609171243, 1.0913464136101206e-07, 1.0913464136101206e-07, 1.4595853802257253e-06, -1.4908069260558912e-07, 3.9946051161310336e-08, 1.4595853802257253e-06, 3.9946051152058473e-08, -1.490806925685817e-07, 1.4595853802257253e-06]) 
2.62695 2.34055  (-797.8552769804754, [1.1564823173178713e-18, 2.3129646346357427e-18, -0.00944355428184078, 5.782411586589357e-19, 0.0, 0.004042893082903426, 7.401486830834377e-17, 0.0, 0.005382406435354096, 4.008119253170091e-05, 4.008119253170091e-05, 6.084921447740976e-06, -5.475192721234497e-05, 1.4670734680560793e-05, 6.084921447740976e-06, 1.4670734680533037e-05, -5.4751927212270957e-05, 6.084921447740976e-06]) 
2.5854999999999997 2.4005  (-797.8551551780992, [4.625929269271485e-18, 4.625929269271485e-18, -0.006941603932564319, 2.3129646346357427e-18, 0.0, 0.0051199879699168685, 7.401486830834377e-17, 0.0, 0.0018460017600133855, 2.920324735304162e-05, 2.920324735304162e-05, -8.12859892866206e-06, -3.989237775732975e-05, 1.0689130404177108e-05, -8.12859892866206e-06, 1.0689130404177108e-05, -3.989237775729274e-05, -8.128598928666686e-06]) 
2.5440500000000004 2.46045  (-797.8553301015002, [2.3129646346357427e-18, 0.0, -0.0045616476217701304, 0.0, 0.0, 0.005861302574606292, 3.700743415417188e-17, 0.0, -0.0012929797504339091, 3.42765393542462e-06, 3.42765393542462e-06, -2.2250673923362996e-06, -4.682262351137408e-06, 1.254608415712788e-06, -2.2250673923362996e-06, 1.254608415712788e-06, -4.682262351137408e-06, -2.2250673923362996e-06]) 
2.5026 2.5204  (-797.8557495500708, [2.3129646346357427e-18, 0.0, -0.002416404225284715, 3.469446951953614e-18, 0.0, 0.006287184472347385, -3.700743415417188e-17, 0.0, -0.0039046973394469275, 1.4994926284169392e-05, 1.4994926284169392e-05, 1.1305697208715177e-05, -2.048345023216343e-05, 5.488523947878391e-06, 1.1305697208715177e-05, 5.488523947873765e-06, -2.0483450232089417e-05, 1.1305697208696674e-05]) 
2.46115 2.58035  (-797.8563513036509, [-2.3129646346357427e-18, -4.625929269271485e-18, -0.0007075717138100568, -1.1564823173178713e-18, 0.0, 0.0063807162945706125, 3.700743415417188e-17, 0.0, -0.00565156809204112, -1.3801190752745402e-05, -1.3801190752745402e-05, -7.19216277587457e-06, 1.8852777170730306e-05, -5.051586417989529e-06, -7.19216277587457e-06, -5.051586417984902e-06, 1.8852777170730306e-05, -7.192162775869944e-06]) 
2.4196999999999997 2.6403  (-797.8570626861595, [-2.3129646346357427e-18, 0.0, 0.00042958129419956234, 1.1564823173178713e-18, 2.3129646346357427e-18, 0.006209501302929167, 3.700743415417188e-17, 7.401486830834377e-17, -0.006668748271745684, 1.1085111140007875e-05, 1.1085111140007875e-05, 9.888557924405312e-06, -1.5142543421053922e-05, 4.057432281018292e-06, 9.888557924405312e-06, 4.0574322810090395e-06, -1.5142543421053922e-05, 9.888557924405312e-06]) 
2.37825 2.70025  (-797.85780236038, [0.0, 0.0, 0.0008008796729131011, -5.782411586589357e-19, 0.0, 0.005843683157363923, 0.0, 0.0, -0.006644537954559548, -4.546785922765473e-07, -4.546785922765473e-07, -8.291912536225372e-09, 6.211025075549455e-07, -1.6642391533853532e-07, -8.291912536225372e-09, -1.6642391534316126e-07, 6.211025075549455e-07, -8.291912536225372e-09]) 
2.3368 2.7602  (-797.858482025938, [0.0, 0.0, 0.0001479227290359375, 5.782411586589357e-19, 5.782411586589357e-19, 0.005333684087823157, -3.700743415417188e-17, -3.700743415417188e-17, -0.00547067371397536, -6.693090480366e-07, -6.693090480366e-07, -3.644367459273064e-06, 9.1429316260531e-07, -2.449841145825878e-07, -3.644367459273064e-06, -2.449841145964656e-07, 9.1429316260531e-07, -3.644367459273064e-06]) 
2.29535 2.82015  (-797.8590051656696, [1.734723475976807e-18, 1.4456028966473391e-18, -0.0014853756996629358, 5.782411586589357e-19, 5.782411586589357e-19, 0.004767431969599389, 1.850371707708594e-17, 0.0, -0.003368891151519393, -7.431265910351481e-06, -7.431265910351481e-06, 2.8944960435363838e-05, 1.0151298015811012e-05, -2.720032105487287e-06, 2.8944960435363838e-05, -2.7200321054780354e-06, 1.0151298015829516e-05, 2.8944960435363838e-05]) 
2.2539 2.8801  (-797.8592858597791, [5.782411586589357e-19, 0.0, -0.004518364774929368, 2.8912057932946783e-19, 4.336808689942018e-19, 0.004165874937312956, 1.850371707708594e-17, 3.700743415417188e-17, 0.00033554621337966717, -1.362378428589513e-08, -1.362378428589513e-08, 5.647874698699873e-06, 1.8610435414956328e-08, -4.98665116606863e-09, 5.647874698699873e-06, -4.98665116606863e-09, 1.861043545196376e-08, 5.647874698690621e-06]) 
2.21245 2.94005  (-797.859197184838, [1.1564823173178713e-18, 2.3129646346357427e-18, -0.009055487455940245, 2.8912057932946783e-19, 1.4456028966473392e-19, 0.00356873283575403, 1.850371707708594e-17, 0.0, 0.005509093749112126, 1.433310220751623e-06, 1.433310220751623e-06, -7.446376319756679e-06, -1.9579381730176295e-06, 5.246279522706324e-07, -7.446376319756679e-06, 5.246279522660065e-07, -1.9579381730361334e-06, -7.4463763197474275e-06]) 
